1731307893416 0.003328658251519402 0
1731308046262 0.006596037868162693 1
1731308197058 0.009797417484805983 2
1731308347263 0.009703 3
1731308497618 0.009604 4
1731308648028 0.009505 5
1731308798384 0.009406 6
1731308951202 0.009307 7
1731309103899 0.009208000000000001 8
1731309255986 0.009109 9
1731309407609 0.00901 10
1731309559464 0.008911 11
1731309711702 0.008812 12
1731309863963 0.008713 13
1731310016384 0.008614 14
1731310168067 0.008515 15
1731310318263 0.008416 16
1731310468750 0.008317 17
1731310619579 0.008218000000000001 18
1731310771613 0.008119000000000001 19
1731310924527 0.008020000000000001 20
1731311077871 0.007921000000000001 21
1731311230703 0.007822 22
1731311384350 0.007723 23
1731311534821 0.007624 24
1731311685363 0.007525 25
1731311835455 0.007426 26
1731311985882 0.007327 27
1731312136090 0.007228 28
1731312286406 0.007129 29
1731312436687 0.00703 30
1731312587200 0.006931 31
1731312737493 0.0068319999999999995 32
1731312887697 0.006732999999999999 33
1731313038188 0.006633999999999999 34
1731313188820 0.006535 35
1731313339362 0.006436000000000001 36
1731313489898 0.006337000000000001 37
1731313640419 0.0062380000000000005 38
1731313791014 0.006139 39
1731313941140 0.00604 40
1731314091341 0.005941000000000001 41
1731314241884 0.005842000000000001 42
1731314392089 0.005743000000000001 43
1731314542323 0.005644000000000001 44
1731314692875 0.0055450000000000004 45
1731314843159 0.005446000000000001 46
1731314993372 0.005347000000000001 47
1731315143571 0.005248000000000001 48
1731315293578 0.005149 49
1731315443936 0.00505 50
1731315594068 0.004951 51
1731315744291 0.0048519999999999995 52
1731315894381 0.004753 53
1731316044586 0.004654 54
1731316195219 0.004555 55
1731316345268 0.004456 56
1731316495084 0.004357000000000001 57
1731316645138 0.0042580000000000005 58
1731316794962 0.004159 59
1731316944971 0.00406 60
1731317095205 0.003961 61
1731317245291 0.003862 62
1731317395449 0.0037630000000000003 63
1731317545482 0.003664 64
1731317695432 0.003565 65
1731317847356 0.003466 66
1731318004284 0.0033669999999999993 67
1731318157972 0.003268 68
1731318310870 0.003169000000000001 69
1731318464239 0.0030700000000000007 70
1731318616110 0.0029710000000000006 71
1731318769247 0.002872 72
1731318922207 0.0027730000000000007 73
1731319076065 0.002674 74
1731319228830 0.002575 75
1731319381760 0.002476 76
1731319534405 0.002377 77
1731319687387 0.0022779999999999996 78
1731319843725 0.002179 79
1731319997923 0.00208 80
1731320151597 0.0019809999999999993 81
1731320304366 0.0018820000000000006 82
1731320458463 0.0017830000000000005 83
1731320613164 0.0016840000000000006 84
1731320763548 0.0015850000000000003 85
1731320914401 0.0014860000000000001 86
1731321065985 0.0013870000000000002 87
1731321220346 0.001288 88
1731321372812 0.0011889999999999997 89
1731321571577 0.0010899999999999998 90
1731321719857 0.0009909999999999997 91
1731321867682 0.0008919999999999996 92
1731322017000 0.0007929999999999994 93
1731322166376 0.0006940000000000005 94
1731322315958 0.0005950000000000005 95
1731322465902 0.0004960000000000005 96
1731322615899 0.00039700000000000027 97
1731322770591 0.0002980000000000002 98
1731322921462 0.0001990000000000001 99
