1731307893416 1.07813 0
1731308046262 1.22574 1
1731308197058 1.39701 2
1731308347263 1.4812 3
1731308497618 1.45566 4
1731308648028 1.42869 5
1731308798384 1.40198 6
1731308951202 1.37713 7
1731309103899 1.36475 8
1731309255986 1.34085 9
1731309407609 1.32981 10
1731309559464 1.31684 11
1731309711702 1.31035 12
1731309863963 1.29652 13
1731310016384 1.28351 14
1731310168067 1.27926 15
1731310318263 1.27093 16
1731310468750 1.26087 17
1731310619579 1.25186 18
1731310771613 1.24473 19
1731310924527 1.23489 20
1731311077871 1.23267 21
1731311230703 1.22831 22
1731311384350 1.2286 23
1731311534821 1.21898 24
1731311685363 1.21015 25
1731311835455 1.20046 26
1731311985882 1.20017 27
1731312136090 1.20728 28
1731312286406 1.19282 29
1731312436687 1.17884 30
1731312587200 1.18328 31
1731312737493 1.178 32
1731312887697 1.16546 33
1731313038188 1.16674 34
1731313188820 1.16475 35
1731313339362 1.16157 36
1731313489898 1.16263 37
1731313640419 1.14706 38
1731313791014 1.14454 39
1731313941140 1.14179 40
1731314091341 1.13886 41
1731314241884 1.1386 42
1731314392089 1.14296 43
1731314542323 1.12493 44
1731314692875 1.12536 45
1731314843159 1.12865 46
1731314993372 1.11987 47
1731315143571 1.11609 48
1731315293578 1.1061 49
1731315443936 1.11052 50
1731315594068 1.10853 51
1731315744291 1.10375 52
1731315894381 1.10053 53
1731316044586 1.09564 54
1731316195219 1.09375 55
1731316345268 1.0866 56
1731316495084 1.08722 57
1731316645138 1.07946 58
1731316794962 1.07818 59
1731316944971 1.0745 60
1731317095205 1.07084 61
1731317245291 1.06619 62
1731317395449 1.06543 63
1731317545482 1.0585 64
1731317695432 1.05661 65
1731317847356 1.05287 66
1731318004284 1.05559 67
1731318157972 1.0414 68
1731318310870 1.04473 69
1731318464239 1.04032 70
1731318616110 1.03903 71
1731318769247 1.03872 72
1731318922207 1.03164 73
1731319076065 1.03051 74
1731319228830 1.02148 75
1731319381760 1.01738 76
1731319534405 1.01655 77
1731319687387 1.01484 78
1731319843725 1.01243 79
1731319997923 1.0101 80
1731320151597 1.00628 81
1731320304366 0.99911 82
1731320458463 1.00228 83
1731320613164 0.99798 84
1731320763548 0.98689 85
1731320914401 0.98848 86
1731321065985 0.9909 87
1731321220346 0.98711 88
1731321372812 0.97864 89
1731321571577 0.95055 90
1731321719857 0.94258 91
1731321867682 0.93729 92
1731322017000 0.93004 93
1731322166376 0.92651 94
1731322315958 0.91754 95
1731322465902 0.91505 96
1731322615899 0.90915 97
1731322770591 0.90164 98
1731322921462 0.90375 99
