1731307893416 0.90694 0
1731308046262 1.13843 1
1731308197058 1.46727 2
1731308347263 1.61873 3
1731308497618 1.55875 4
1731308648028 1.50974 5
1731308798384 1.46203 6
1731308951202 1.41105 7
1731309103899 1.38089 8
1731309255986 1.35013 9
1731309407609 1.31719 10
1731309559464 1.29741 11
1731309711702 1.28304 12
1731309863963 1.26169 13
1731310016384 1.2461 14
1731310168067 1.22628 15
1731310318263 1.20838 16
1731310468750 1.19723 17
1731310619579 1.17378 18
1731310771613 1.15938 19
1731310924527 1.14899 20
1731311077871 1.13662 21
1731311230703 1.13336 22
1731311384350 1.12291 23
1731311534821 1.10629 24
1731311685363 1.10043 25
1731311835455 1.07975 26
1731311985882 1.07738 27
1731312136090 1.08039 28
1731312286406 1.06055 29
1731312436687 1.05079 30
1731312587200 1.0498 31
1731312737493 1.03995 32
1731312887697 1.0253 33
1731313038188 1.02066 34
1731313188820 1.01444 35
1731313339362 1.01025 36
1731313489898 1.00939 37
1731313640419 0.98861 38
1731313791014 0.98229 39
1731313941140 0.98572 40
1731314091341 0.97753 41
1731314241884 0.97422 42
1731314392089 0.97328 43
1731314542323 0.95581 44
1731314692875 0.95226 45
1731314843159 0.94781 46
1731314993372 0.94103 47
1731315143571 0.93332 48
1731315293578 0.92466 49
1731315443936 0.92179 50
1731315594068 0.91628 51
1731315744291 0.92024 52
1731315894381 0.91048 53
1731316044586 0.90138 54
1731316195219 0.901 55
1731316345268 0.89129 56
1731316495084 0.88984 57
1731316645138 0.88894 58
1731316794962 0.87379 59
1731316944971 0.87109 60
1731317095205 0.8685 61
1731317245291 0.86123 62
1731317395449 0.85975 63
1731317545482 0.84587 64
1731317695432 0.84695 65
1731317847356 0.83848 66
1731318004284 0.83973 67
1731318157972 0.82256 68
1731318310870 0.83164 69
1731318464239 0.82358 70
1731318616110 0.82584 71
1731318769247 0.82129 72
1731318922207 0.81257 73
1731319076065 0.81055 74
1731319228830 0.79787 75
1731319381760 0.79819 76
1731319534405 0.79274 77
1731319687387 0.79049 78
1731319843725 0.77968 79
1731319997923 0.77826 80
1731320151597 0.77791 81
1731320304366 0.77202 82
1731320458463 0.76886 83
1731320613164 0.76089 84
1731320763548 0.75828 85
1731320914401 0.74993 86
1731321065985 0.75078 87
1731321220346 0.75236 88
1731321372812 0.74109 89
1731321571577 0.64334 90
1731321719857 0.63561 91
1731321867682 0.62711 92
1731322017000 0.61566 93
1731322166376 0.61569 94
1731322315958 0.6087 95
1731322465902 0.60501 96
1731322615899 0.59917 97
1731322770591 0.59463 98
1731322921462 0.58999 99
