1731307893416 1.08146 0
1731308046262 1.16356 1
1731308197058 1.26663 2
1731308347263 1.32814 3
1731308497618 1.31318 4
1731308648028 1.29978 5
1731308798384 1.29083 6
1731308951202 1.27349 7
1731309103899 1.26562 8
1731309255986 1.25463 9
1731309407609 1.25193 10
1731309559464 1.24204 11
1731309711702 1.24074 12
1731309863963 1.23518 13
1731310016384 1.22702 14
1731310168067 1.21744 15
1731310318263 1.21523 16
1731310468750 1.20963 17
1731310619579 1.20085 18
1731310771613 1.19693 19
1731310924527 1.19359 20
1731311077871 1.18854 21
1731311230703 1.19199 22
1731311384350 1.18834 23
1731311534821 1.18811 24
1731311685363 1.18112 25
1731311835455 1.17682 26
1731311985882 1.17433 27
1731312136090 1.17652 28
1731312286406 1.16685 29
1731312436687 1.16427 30
1731312587200 1.1662 31
1731312737493 1.16006 32
1731312887697 1.1522 33
1731313038188 1.15387 34
1731313188820 1.15277 35
1731313339362 1.15115 36
1731313489898 1.14903 37
1731313640419 1.14034 38
1731313791014 1.13981 39
1731313941140 1.13872 40
1731314091341 1.13798 41
1731314241884 1.1371 42
1731314392089 1.14023 43
1731314542323 1.13118 44
1731314692875 1.12742 45
1731314843159 1.1291 46
1731314993372 1.12572 47
1731315143571 1.12383 48
1731315293578 1.11897 49
1731315443936 1.11897 50
1731315594068 1.11904 51
1731315744291 1.11601 52
1731315894381 1.11201 53
1731316044586 1.11257 54
1731316195219 1.11021 55
1731316345268 1.10538 56
1731316495084 1.10781 57
1731316645138 1.1045 58
1731316794962 1.10175 59
1731316944971 1.10187 60
1731317095205 1.1001 61
1731317245291 1.09434 62
1731317395449 1.09538 63
1731317545482 1.09041 64
1731317695432 1.09167 65
1731317847356 1.08722 66
1731318004284 1.08828 67
1731318157972 1.08256 68
1731318310870 1.0845 69
1731318464239 1.08389 70
1731318616110 1.08498 71
1731318769247 1.07952 72
1731318922207 1.07681 73
1731319076065 1.07615 74
1731319228830 1.07179 75
1731319381760 1.07061 76
1731319534405 1.06826 77
1731319687387 1.07081 78
1731319843725 1.06706 79
1731319997923 1.06508 80
1731320151597 1.06404 81
1731320304366 1.06334 82
1731320458463 1.0606 83
1731320613164 1.05967 84
1731320763548 1.0542 85
1731320914401 1.05384 86
1731321065985 1.05547 87
1731321220346 1.05508 88
1731321372812 1.05273 89
1731321571577 1.02734 90
1731321719857 1.02583 91
1731321867682 1.02129 92
1731322017000 1.01599 93
1731322166376 1.01597 94
1731322315958 1.01102 95
1731322465902 1.01048 96
1731322615899 1.00762 97
1731322770591 1.00362 98
1731322921462 1.00463 99
