1731338413169 0.96366 0
1731338573497 1.00747 1
1731338729988 1.07651 2
1731338886456 1.14812 3
1731339043358 1.17226 4
1731339201232 1.17603 5
1731339358718 1.16926 6
1731339516061 1.16391 7
1731339672584 1.16964 8
1731339829191 1.16507 9
1731339985501 1.1597 10
1731340142040 1.16464 11
1731340299088 1.15966 12
1731340455822 1.15651 13
1731340613405 1.15223 14
1731340771141 1.15551 15
1731340930692 1.1511 16
1731341089454 1.14913 17
1731341247133 1.14309 18
1731341406975 1.14453 19
1731341566504 1.13929 20
1731341726932 1.14009 21
1731341886450 1.13773 22
1731342044917 1.14266 23
1731342206497 1.13557 24
1731342366165 1.12544 25
1731342528458 1.12438 26
1731342687947 1.12559 27
1731342845415 1.13125 28
1731343001222 1.1233 29
1731343156576 1.11499 30
1731343312622 1.11816 31
1731343470276 1.11338 32
1731343626087 1.10734 33
1731343782099 1.11337 34
1731343939187 1.11486 35
1731344095684 1.10961 36
1731344253342 1.11125 37
1731344409680 1.10371 38
1731344566150 1.10206 39
1731344722245 1.10179 40
1731344877364 1.09413 41
1731345031648 1.10127 42
1731345185823 1.10309 43
1731345339876 1.08876 44
1731345493600 1.09286 45
1731345648685 1.10008 46
1731345803840 1.08904 47
1731345958534 1.09207 48
1731346114056 1.08563 49
1731346268246 1.08602 50
1731346422730 1.08507 51
1731346577045 1.0868 52
1731346731758 1.08597 53
1731346886557 1.08509 54
1731347041264 1.08657 55
1731347195906 1.07728 56
1731347350793 1.07909 57
1731347505638 1.0755 58
1731347662728 1.07678 59
1731347816246 1.06976 60
1731347969531 1.07203 61
1731348121507 1.06939 62
