1731338413169 0.72651 0
1731338573497 0.77508 1
1731338729988 0.87687 2
1731338886456 0.99039 3
1731339043358 1.01632 4
1731339201232 1.01487 5
1731339358718 1.01577 6
1731339516061 1.01429 7
1731339672584 1.01609 8
1731339829191 1.01244 9
1731339985501 0.99781 10
1731340142040 1.0072 11
1731340299088 0.9973 12
1731340455822 0.996 13
1731340613405 0.99196 14
1731340771141 0.98823 15
1731340930692 0.98328 16
1731341089454 0.98252 17
1731341247133 0.97004 18
1731341406975 0.96746 19
1731341566504 0.96395 20
1731341726932 0.96185 21
1731341886450 0.95912 22
1731342044917 0.96094 23
1731342206497 0.95175 24
1731342366165 0.94345 25
1731342528458 0.93801 26
1731342687947 0.94004 27
1731342845415 0.94755 28
1731343001222 0.93023 29
1731343156576 0.92844 30
1731343312622 0.9277 31
1731343470276 0.92458 32
1731343626087 0.91567 33
1731343782099 0.92103 34
1731343939187 0.9152 35
1731344095684 0.91122 36
1731344253342 0.91565 37
1731344409680 0.90353 38
1731344566150 0.90041 39
1731344722245 0.90742 40
1731344877364 0.89754 41
1731345031648 0.90071 42
1731345185823 0.90502 43
1731345339876 0.8895 44
1731345493600 0.8934 45
1731345648685 0.89155 46
1731345803840 0.88268 47
1731345958534 0.88189 48
1731346114056 0.87665 49
1731346268246 0.8773 50
1731346422730 0.87085 51
1731346577045 0.88063 52
1731346731758 0.87426 53
1731346886557 0.87467 54
1731347041264 0.87791 55
1731347195906 0.86664 56
1731347350793 0.86424 57
1731347505638 0.8675 58
1731347662728 0.86421 59
1731347816246 0.85673 60
1731347969531 0.85545 61
1731348121507 0.85193 62
