1731338413169 1.04395 0
1731338573497 1.06621 1
1731338729988 1.09888 2
1731338886456 1.13706 3
1731339043358 1.14878 4
1731339201232 1.15182 5
1731339358718 1.15028 6
1731339516061 1.1459 7
1731339672584 1.14732 8
1731339829191 1.14638 9
1731339985501 1.14628 10
1731340142040 1.14638 11
1731340299088 1.14729 12
1731340455822 1.14723 13
1731340613405 1.14298 14
1731340771141 1.14379 15
1731340930692 1.1417 16
1731341089454 1.13895 17
1731341247133 1.13434 18
1731341406975 1.13489 19
1731341566504 1.13556 20
1731341726932 1.13258 21
1731341886450 1.13509 22
1731342044917 1.13344 23
1731342206497 1.13432 24
1731342366165 1.12683 25
1731342528458 1.13051 26
1731342687947 1.1273 27
1731342845415 1.12885 28
1731343001222 1.124 29
1731343156576 1.12137 30
1731343312622 1.1225 31
1731343470276 1.12048 32
1731343626087 1.11743 33
1731343782099 1.12022 34
1731343939187 1.11957 35
1731344095684 1.11594 36
1731344253342 1.11998 37
1731344409680 1.11439 38
1731344566150 1.11516 39
1731344722245 1.11482 40
1731344877364 1.11053 41
1731345031648 1.11402 42
1731345185823 1.11385 43
1731345339876 1.10878 44
1731345493600 1.10599 45
1731345648685 1.10967 46
1731345803840 1.10565 47
1731345958534 1.10638 48
1731346114056 1.10415 49
1731346268246 1.1029 50
1731346422730 1.10187 51
1731346577045 1.10379 52
1731346731758 1.1014 53
1731346886557 1.10236 54
1731347041264 1.10091 55
1731347195906 1.09752 56
1731347350793 1.10027 57
1731347505638 1.09918 58
1731347662728 1.0988 59
1731347816246 1.09624 60
1731347969531 1.09715 61
1731348121507 1.09238 62
