1731350015243 0.003328658251519402 0
1731350166334 0.006629014726507713 1
1731350314636 0.009896371201496026 2
1731350462101 0.0098515 3
1731350609660 0.009802 4
1731350757081 0.009752499999999999 5
1731350904451 0.009703 6
1731351051849 0.009653499999999999 7
1731351199115 0.009604 8
1731351346708 0.009554499999999999 9
1731351494302 0.009505 10
1731351641947 0.0094555 11
1731351789303 0.009406 12
1731351937894 0.009356500000000002 13
1731352085729 0.009307 14
1731352234147 0.0092575 15
1731352381376 0.009208000000000001 16
1731352528452 0.0091585 17
1731352675308 0.009109 18
1731352822390 0.0090595 19
1731352969600 0.00901 20
1731353117237 0.0089605 21
1731353265034 0.008911 22
1731353412431 0.0088615 23
1731353559743 0.008812 24
1731353707240 0.0087625 25
1731353854523 0.008713 26
1731354002059 0.0086635 27
1731354149439 0.008614 28
1731354297123 0.0085645 29
1731354444291 0.008515 30
1731354591815 0.0084655 31
1731354738930 0.008416 32
1731354886575 0.0083665 33
1731355034006 0.008317 34
1731355181246 0.0082675 35
1731355328811 0.008218000000000001 36
1731355476830 0.0081685 37
1731355624326 0.008119000000000001 38
1731355772102 0.0080695 39
1731355919589 0.008020000000000001 40
1731356066549 0.0079705 41
1731356213799 0.007921000000000001 42
1731356361529 0.0078715 43
1731356508849 0.007822 44
1731356656251 0.0077725 45
1731356803574 0.007723 46
1731356950683 0.0076735 47
1731357097498 0.007624 48
1731357244497 0.0075745 49
1731357392513 0.007525 50
1731357539961 0.0074755 51
1731357687513 0.007426 52
1731357834877 0.0073765 53
1731357981953 0.007327 54
1731358129215 0.0072775 55
1731358276680 0.007228 56
1731358424257 0.007178500000000001 57
1731358571840 0.007129 58
1731358719100 0.007079500000000001 59
1731358866651 0.00703 60
1731359014231 0.006980500000000001 61
1731359161590 0.006931 62
1731359309304 0.0068815000000000005 63
1731359456589 0.0068319999999999995 64
1731359603350 0.0067825 65
1731359750768 0.006732999999999999 66
1731359897998 0.0066835 67
1731360045318 0.006633999999999999 68
1731360192791 0.0065845 69
1731360339990 0.006535 70
1731360487267 0.006485500000000001 71
1731360634731 0.006436000000000001 72
1731360782153 0.006386500000000001 73
1731360929440 0.006337000000000001 74
1731361076854 0.0062875000000000006 75
1731361224172 0.0062380000000000005 76
1731361371401 0.0061885 77
1731361518816 0.006139 78
1731361666440 0.0060895 79
1731361813877 0.00604 80
1731361961506 0.0059905 81
1731362108391 0.005941000000000001 82
1731362255426 0.0058915 83
1731362402461 0.005842000000000001 84
1731362549766 0.005792499999999999 85
1731362697221 0.005743000000000001 86
1731362844467 0.005693499999999999 87
1731362992041 0.005644000000000001 88
1731363139683 0.005594499999999999 89
1731363287115 0.0055450000000000004 90
1731363434537 0.0054954999999999995 91
1731363581754 0.005446000000000001 92
1731363728883 0.005396499999999999 93
1731363876280 0.005347000000000001 94
1731364023964 0.005297500000000001 95
1731364171578 0.005248000000000001 96
1731364318885 0.005198500000000001 97
1731364466393 0.005149 98
1731364613304 0.0050995 99
1731364761188 0.00505 100
1731364908997 0.0050005 101
1731365056769 0.004951 102
1731365204242 0.0049015 103
1731365351749 0.0048519999999999995 104
1731365499031 0.0048025 105
1731365646692 0.004753 106
1731365793797 0.0047035 107
1731365941279 0.004654 108
1731366088471 0.0046045 109
1731366235636 0.004555 110
1731366383428 0.0045055 111
1731366531557 0.004456 112
1731366678923 0.004406500000000001 113
1731366826005 0.004357000000000001 114
1731366973768 0.0043075000000000006 115
1731367121155 0.0042580000000000005 116
1731367268121 0.0042085000000000004 117
1731367415269 0.004159 118
1731367562502 0.0041095 119
1731367710057 0.00406 120
1731367857084 0.0040105 121
1731368004252 0.003961 122
1731368151327 0.0039115 123
1731368299260 0.003862 124
1731368446535 0.0038125 125
1731368594081 0.0037630000000000003 126
1731368741769 0.0037135000000000002 127
1731368889710 0.003664 128
1731369036834 0.0036145 129
1731369184296 0.003565 130
1731369331291 0.0035155 131
1731369478804 0.003466 132
1731369625747 0.0034164999999999994 133
1731369773363 0.0033669999999999993 134
1731369920748 0.0033175 135
1731370068369 0.003268 136
1731370215683 0.0032184999999999996 137
1731370363312 0.003169000000000001 138
1731370511503 0.0031195000000000007 139
1731370659824 0.0030700000000000007 140
1731370807187 0.0030205000000000006 141
1731370954546 0.0029710000000000006 142
1731371102023 0.0029215000000000005 143
1731371249181 0.002872 144
1731371396407 0.0028225 145
1731371543793 0.0027730000000000007 146
1731371692032 0.0027235000000000002 147
1731371840451 0.002674 148
1731371988390 0.0026245 149
1731372135791 0.002575 150
1731372283942 0.0025255 151
1731372431894 0.002476 152
1731372579381 0.0024265000000000003 153
1731372726343 0.002377 154
1731372873850 0.0023274999999999997 155
1731373021144 0.0022779999999999996 156
1731373168711 0.0022284999999999996 157
1731373316188 0.002179 158
1731373463239 0.0021295 159
1731373610395 0.00208 160
1731373758535 0.0020304999999999998 161
1731373906435 0.0019809999999999993 162
1731374053981 0.0019315000000000007 163
1731374201428 0.0018820000000000006 164
1731374348778 0.0018325000000000006 165
1731374496424 0.0017830000000000005 166
1731374643874 0.0017335000000000004 167
1731374791387 0.0016840000000000006 168
1731374938746 0.0016345000000000005 169
1731375085804 0.0015850000000000003 170
1731375233036 0.0015355000000000002 171
1731375380622 0.0014860000000000001 172
1731375528412 0.0014365000000000003 173
1731375676182 0.0013870000000000002 174
1731375825323 0.0013375000000000001 175
1731375973344 0.001288 176
1731376120675 0.0012384999999999998 177
1731376268081 0.0011889999999999997 178
1731376416019 0.0011394999999999999 179
1731376564666 0.0010899999999999998 180
1731376712408 0.0010404999999999995 181
1731376859678 0.0009909999999999997 182
1731377007195 0.0009414999999999996 183
1731377154255 0.0008919999999999996 184
1731377301912 0.0008424999999999995 185
1731377450227 0.0007929999999999994 186
1731377597350 0.0007434999999999995 187
1731377744778 0.0006940000000000005 188
1731377892022 0.0006445000000000005 189
1731378098320 0.0005950000000000005 190
1731378244047 0.0005455000000000004 191
1731378389153 0.0004960000000000005 192
1731378534520 0.0004465000000000003 193
1731378680017 0.00039700000000000027 194
1731378825566 0.00034750000000000026 195
1731378971054 0.0002980000000000002 196
1731379116621 0.00024850000000000013 197
1731379262292 0.0001990000000000001 198
1731379407624 0.00014950000000000006 199
