1731350023711 0.65373 0
1731350174084 0.63737 1
1731350322344 0.61613 2
1731350469884 0.60083 3
1731350617558 0.62287 4
1731350764915 0.60267 5
1731350912221 0.57673 6
1731351059554 0.59038 7
1731351207044 0.57635 8
1731351354467 0.59641 9
1731351502064 0.6062 10
1731351649614 0.60533 11
1731351797352 0.59156 12
1731351945631 0.61453 13
1731352093473 0.59371 14
1731352242048 0.61077 15
1731352389104 0.6204 16
1731352536070 0.61005 17
1731352682980 0.62152 18
1731352830100 0.6152 19
1731352977336 0.63157 20
1731353124963 0.62336 21
1731353272873 0.61735 22
1731353420188 0.62683 23
1731353567433 0.62548 24
1731353714947 0.63436 25
1731353862331 0.62438 26
1731354009828 0.63746 27
1731354157164 0.63292 28
1731354304898 0.64595 29
1731354452065 0.64257 30
1731354599578 0.64209 31
1731354746705 0.64268 32
1731354894357 0.6397 33
1731355041712 0.64077 34
1731355189044 0.63561 35
1731355336996 0.63706 36
1731355484572 0.63544 37
1731355632260 0.64828 38
1731355779991 0.64966 39
1731355927346 0.65123 40
1731356074303 0.64939 41
1731356221643 0.64658 42
1731356369401 0.64836 43
1731356516637 0.64679 44
1731356664112 0.64839 45
1731356811357 0.65457 46
1731356958414 0.66168 47
1731357105103 0.661 48
1731357252316 0.66727 49
1731357400289 0.67393 50
1731357547696 0.67185 51
1731357695397 0.66963 52
1731357842551 0.66461 53
1731357989730 0.66743 54
1731358137077 0.67702 55
1731358284456 0.66681 56
1731358432138 0.66209 57
1731358579641 0.67009 58
1731358726813 0.67166 59
1731358874346 0.67658 60
1731359022036 0.6687 61
1731359169382 0.67511 62
1731359317047 0.67283 63
1731359464297 0.67006 64
1731359611148 0.66536 65
1731359758598 0.66671 66
1731359905771 0.67233 67
1731360052979 0.67817 68
1731360200431 0.67213 69
1731360347660 0.67546 70
1731360494971 0.67346 71
1731360642411 0.6683 72
1731360789825 0.6768 73
1731360937304 0.67469 74
1731361084633 0.67716 75
1731361231891 0.67866 76
1731361379167 0.67633 77
1731361526593 0.67464 78
1731361674162 0.67442 79
1731361821482 0.67305 80
1731361969123 0.67515 81
1731362116015 0.6742 82
1731362263105 0.6736 83
1731362410223 0.67736 84
1731362557411 0.67847 85
1731362704990 0.67744 86
1731362852170 0.67364 87
1731362999876 0.67445 88
1731363147419 0.67405 89
1731363295011 0.67324 90
1731363442150 0.67357 91
1731363589429 0.67512 92
1731363736554 0.67495 93
1731363884249 0.67617 94
1731364031602 0.67716 95
1731364179258 0.67622 96
1731364326659 0.67512 97
1731364474003 0.67668 98
1731364620972 0.6768 99
1731364769115 0.67916 100
1731364916733 0.68058 101
1731365064500 0.67696 102
1731365211994 0.67891 103
1731365359487 0.67901 104
1731365506782 0.67648 105
1731365654491 0.67745 106
1731365801652 0.6767 107
1731365948960 0.67739 108
1731366096157 0.67813 109
1731366243403 0.67832 110
1731366391294 0.67874 111
1731366539334 0.67733 112
1731366686655 0.67793 113
1731366833936 0.68007 114
1731366981434 0.67881 115
1731367128793 0.67623 116
1731367275849 0.67829 117
1731367423045 0.66992 118
1731367570175 0.67037 119
1731367717822 0.67008 120
1731367864892 0.67043 121
1731368011970 0.67076 122
1731368159153 0.67295 123
1731368306988 0.67355 124
1731368454339 0.67485 125
1731368601735 0.67421 126
1731368749640 0.67336 127
1731368897486 0.6736 128
1731369044646 0.67411 129
1731369192053 0.67203 130
1731369339056 0.67192 131
1731369486399 0.67233 132
1731369633592 0.67216 133
1731369781186 0.67177 134
1731369928624 0.67128 135
1731370076075 0.67087 136
1731370223450 0.67052 137
1731370371160 0.66969 138
1731370519528 0.67034 139
1731370667653 0.66959 140
1731370815027 0.66978 141
1731370962395 0.66981 142
1731371109834 0.66898 143
1731371257002 0.66916 144
1731371404442 0.66951 145
1731371551875 0.66991 146
1731371700516 0.66969 147
1731371848313 0.67033 148
1731371996201 0.66959 149
1731372143673 0.67056 150
1731372292208 0.67016 151
1731372439831 0.67084 152
1731372586999 0.67133 153
1731372734153 0.67089 154
1731372881586 0.67027 155
1731373028968 0.67197 156
1731373176393 0.67173 157
1731373323847 0.67164 158
1731373471035 0.67098 159
1731373618107 0.67093 160
1731373766304 0.67016 161
1731373914108 0.66985 162
1731374061667 0.67083 163
1731374209206 0.67071 164
1731374356462 0.6706 165
1731374504267 0.67071 166
1731374651608 0.66892 167
1731374799133 0.67064 168
1731374946446 0.67003 169
1731375093514 0.66956 170
1731375240739 0.66954 171
1731375388359 0.67094 172
1731375536212 0.66762 173
1731375683993 0.66853 174
1731375833006 0.66856 175
1731375981033 0.66775 176
1731376128522 0.66888 177
1731376275787 0.66921 178
1731376423777 0.66927 179
1731376572504 0.66881 180
1731376720107 0.66993 181
1731376867400 0.66972 182
1731377014869 0.66997 183
1731377162020 0.67061 184
1731377309569 0.6687 185
1731377457843 0.67037 186
1731377605010 0.66994 187
1731377752510 0.67035 188
1731377899655 0.67069 189
1731378106102 0.67037 190
1731378251771 0.67059 191
1731378396900 0.6702 192
1731378542201 0.67124 193
1731378687647 0.67113 194
1731378833189 0.67232 195
1731378978746 0.67156 196
1731379124388 0.67163 197
1731379270005 0.67138 198
1731379415294 0.67186 199
1731379426516 0.680715419085062 199
