1731350023711 0.79405 0
1731350174084 0.78441 1
1731350322344 0.76097 2
1731350469884 0.7559 3
1731350617558 0.76885 4
1731350764915 0.75249 5
1731350912221 0.71931 6
1731351059554 0.72723 7
1731351207044 0.71348 8
1731351354467 0.74767 9
1731351502064 0.75611 10
1731351649614 0.74931 11
1731351797352 0.73057 12
1731351945631 0.75579 13
1731352093473 0.74292 14
1731352242048 0.75495 15
1731352389104 0.76393 16
1731352536070 0.75393 17
1731352682980 0.76862 18
1731352830100 0.76073 19
1731352977336 0.78436 20
1731353124963 0.76914 21
1731353272873 0.76333 22
1731353420188 0.77127 23
1731353567433 0.77272 24
1731353714947 0.77227 25
1731353862331 0.76415 26
1731354009828 0.77733 27
1731354157164 0.77534 28
1731354304898 0.78192 29
1731354452065 0.78526 30
1731354599578 0.7777 31
1731354746705 0.7822 32
1731354894357 0.77673 33
1731355041712 0.77527 34
1731355189044 0.77752 35
1731355336996 0.77492 36
1731355484572 0.77204 37
1731355632260 0.78505 38
1731355779991 0.78401 39
1731355927346 0.78976 40
1731356074303 0.79103 41
1731356221643 0.79292 42
1731356369401 0.7904 43
1731356516637 0.78889 44
1731356664112 0.79174 45
1731356811357 0.79614 46
1731356958414 0.79984 47
1731357105103 0.80618 48
1731357252316 0.81401 49
1731357400289 0.80965 50
1731357547696 0.80583 51
1731357695397 0.8066 52
1731357842551 0.79609 53
1731357989730 0.80239 54
1731358137077 0.81209 55
1731358284456 0.80177 56
1731358432138 0.80096 57
1731358579641 0.80712 58
1731358726813 0.80892 59
1731358874346 0.81 60
1731359022036 0.80886 61
1731359169382 0.80634 62
1731359317047 0.80745 63
1731359464297 0.80285 64
1731359611148 0.80079 65
1731359758598 0.80115 66
1731359905771 0.80627 67
1731360052979 0.8146 68
1731360200431 0.81235 69
1731360347660 0.80947 70
1731360494971 0.80657 71
1731360642411 0.80271 72
1731360789825 0.80898 73
1731360937304 0.80528 74
1731361084633 0.81005 75
1731361231891 0.8144 76
1731361379167 0.81068 77
1731361526593 0.80971 78
1731361674162 0.80821 79
1731361821482 0.80708 80
1731361969123 0.81214 81
1731362116015 0.81137 82
1731362263105 0.81251 83
1731362410223 0.81459 84
1731362557411 0.81523 85
1731362704990 0.81254 86
1731362852170 0.80921 87
1731362999876 0.80926 88
1731363147419 0.80878 89
1731363295011 0.80815 90
1731363442150 0.80879 91
1731363589429 0.80888 92
1731363736554 0.80936 93
1731363884249 0.81173 94
1731364031602 0.8118 95
1731364179258 0.81187 96
1731364326659 0.81035 97
1731364474003 0.81089 98
1731364620972 0.81093 99
1731364769115 0.81527 100
1731364916733 0.81496 101
1731365064500 0.81214 102
1731365211994 0.81281 103
1731365359487 0.81331 104
1731365506782 0.81161 105
1731365654491 0.81219 106
1731365801652 0.81346 107
1731365948960 0.81392 108
1731366096157 0.81272 109
1731366243403 0.81366 110
1731366391294 0.81452 111
1731366539334 0.81408 112
1731366686655 0.81405 113
1731366833936 0.814 114
1731366981434 0.81377 115
1731367128793 0.81328 116
1731367275849 0.81329 117
1731367423045 0.80533 118
1731367570175 0.80522 119
1731367717822 0.80542 120
1731367864892 0.80505 121
1731368011970 0.80549 122
1731368159153 0.80777 123
1731368306988 0.80782 124
1731368454339 0.80759 125
1731368601735 0.80802 126
1731368749640 0.80759 127
1731368897486 0.80784 128
1731369044646 0.80774 129
1731369192053 0.80501 130
1731369339056 0.805 131
1731369486399 0.80525 132
1731369633592 0.80503 133
1731369781186 0.80515 134
1731369928624 0.80458 135
1731370076075 0.80426 136
1731370223450 0.80461 137
1731370371160 0.80436 138
1731370519528 0.80434 139
1731370667653 0.80442 140
1731370815027 0.804 141
1731370962395 0.80386 142
1731371109834 0.80383 143
1731371257002 0.80391 144
1731371404442 0.80419 145
1731371551875 0.80418 146
1731371700516 0.80465 147
1731371848313 0.80489 148
1731371996201 0.80478 149
1731372143673 0.80466 150
1731372292208 0.80469 151
1731372439831 0.80501 152
1731372586999 0.80496 153
1731372734153 0.80484 154
1731372881586 0.80465 155
1731373028968 0.80536 156
1731373176393 0.806 157
1731373323847 0.80583 158
1731373471035 0.80494 159
1731373618107 0.80539 160
1731373766304 0.80478 161
1731373914108 0.80455 162
1731374061667 0.8048 163
1731374209206 0.8048 164
1731374356462 0.80481 165
1731374504267 0.8048 166
1731374651608 0.8041 167
1731374799133 0.8039 168
1731374946446 0.8039 169
1731375093514 0.80362 170
1731375240739 0.80356 171
1731375388359 0.80429 172
1731375536212 0.80227 173
1731375683993 0.80171 174
1731375833006 0.80191 175
1731375981033 0.80186 176
1731376128522 0.8021 177
1731376275787 0.80214 178
1731376423777 0.80222 179
1731376572504 0.80232 180
1731376720107 0.80287 181
1731376867400 0.80286 182
1731377014869 0.80291 183
1731377162020 0.80295 184
1731377309569 0.80159 185
1731377457843 0.80241 186
1731377605010 0.80241 187
1731377752510 0.80316 188
1731377899655 0.80293 189
1731378106102 0.80284 190
1731378251771 0.80291 191
1731378396900 0.80306 192
1731378542201 0.80371 193
1731378687647 0.8032 194
1731378833189 0.80314 195
1731378978746 0.80249 196
1731379124388 0.80282 197
1731379270005 0.80254 198
1731379415294 0.80372 199
1731379426516 0.8151311818815238 199
