1731350023711 0.79405 0
1731350174084 0.81308 1
1731350322344 0.72365 2
1731350469884 0.75376 3
1731350617558 0.78229 4
1731350764915 0.74185 5
1731350912221 0.68733 6
1731351059554 0.7271 7
1731351207044 0.75184 8
1731351354467 0.73825 9
1731351502064 0.75969 10
1731351649614 0.81026 11
1731351797352 0.75536 12
1731351945631 0.7844 13
1731352093473 0.69105 14
1731352242048 0.79809 15
1731352389104 0.76946 16
1731352536070 0.75747 17
1731352682980 0.77518 18
1731352830100 0.73931 19
1731352977336 0.75595 20
1731353124963 0.74875 21
1731353272873 0.70875 22
1731353420188 0.74793 23
1731353567433 0.73796 24
1731353714947 0.79661 25
1731353862331 0.78897 26
1731354009828 0.79123 27
1731354157164 0.81112 28
1731354304898 0.80707 29
1731354452065 0.73462 30
1731354599578 0.7908 31
1731354746705 0.81682 32
1731354894357 0.76646 33
1731355041712 0.78091 34
1731355189044 0.76866 35
1731355336996 0.8114 36
1731355484572 0.79497 37
1731355632260 0.79799 38
1731355779991 0.79553 39
1731355927346 0.77323 40
1731356074303 0.78183 41
1731356221643 0.78904 42
1731356369401 0.81367 43
1731356516637 0.81725 44
1731356664112 0.78884 45
1731356811357 0.80149 46
1731356958414 0.79208 47
1731357105103 0.77961 48
1731357252316 0.78722 49
1731357400289 0.75639 50
1731357547696 0.79134 51
1731357695397 0.78112 52
1731357842551 0.7671 53
1731357989730 0.78114 54
1731358137077 0.78789 55
1731358284456 0.75449 56
1731358432138 0.77448 57
1731358579641 0.7984 58
1731358726813 0.81389 59
1731358874346 0.79902 60
1731359022036 0.79717 61
1731359169382 0.80993 62
1731359317047 0.81137 63
1731359464297 0.80304 64
1731359611148 0.80031 65
1731359758598 0.81642 66
1731359905771 0.80306 67
1731360052979 0.81734 68
1731360200431 0.77906 69
1731360347660 0.80799 70
1731360494971 0.8072 71
1731360642411 0.81197 72
1731360789825 0.81668 73
1731360937304 0.82716 74
1731361084633 0.73328 75
1731361231891 0.73155 76
1731361379167 0.73332 77
1731361526593 0.7784 78
1731361674162 0.78024 79
1731361821482 0.74392 80
1731361969123 0.7855 81
1731362116015 0.78339 82
1731362263105 0.81108 83
1731362410223 0.81044 84
1731362557411 0.81006 85
1731362704990 0.81468 86
1731362852170 0.81341 87
1731362999876 0.80706 88
1731363147419 0.80519 89
1731363295011 0.77365 90
1731363442150 0.77391 91
1731363589429 0.77475 92
1731363736554 0.77639 93
1731363884249 0.79835 94
1731364031602 0.80005 95
1731364179258 0.79876 96
1731364326659 0.77853 97
1731364474003 0.78115 98
1731364620972 0.78075 99
1731364769115 0.80372 100
1731364916733 0.80526 101
1731365064500 0.80744 102
1731365211994 0.80765 103
1731365359487 0.80838 104
1731365506782 0.80453 105
1731365654491 0.80695 106
1731365801652 0.80909 107
1731365948960 0.8079 108
1731366096157 0.80999 109
1731366243403 0.80979 110
1731366391294 0.81114 111
1731366539334 0.81149 112
1731366686655 0.81158 113
1731366833936 0.81083 114
1731366981434 0.81126 115
1731367128793 0.81128 116
1731367275849 0.81149 117
1731367423045 0.81133 118
1731367570175 0.80972 119
1731367717822 0.80844 120
1731367864892 0.80753 121
1731368011970 0.80779 122
1731368159153 0.80869 123
1731368306988 0.80649 124
1731368454339 0.80577 125
1731368601735 0.80544 126
1731368749640 0.80419 127
1731368897486 0.80349 128
1731369044646 0.80359 129
1731369192053 0.80299 130
1731369339056 0.80277 131
1731369486399 0.80319 132
1731369633592 0.80282 133
1731369781186 0.80168 134
1731369928624 0.80214 135
1731370076075 0.80105 136
1731370223450 0.8009 137
1731370371160 0.80055 138
1731370519528 0.78879 139
1731370667653 0.78794 140
1731370815027 0.78755 141
1731370962395 0.78756 142
1731371109834 0.78809 143
1731371257002 0.75402 144
1731371404442 0.75296 145
1731371551875 0.75241 146
1731371700516 0.7521 147
1731371848313 0.7522 148
1731371996201 0.75287 149
1731372143673 0.75377 150
1731372292208 0.73767 151
1731372439831 0.74056 152
1731372586999 0.74271 153
1731372734153 0.7616 154
1731372881586 0.76171 155
1731373028968 0.76191 156
1731373176393 0.74533 157
1731373323847 0.74568 158
1731373471035 0.74527 159
1731373618107 0.74514 160
1731373766304 0.74842 161
1731373914108 0.74808 162
1731374061667 0.7484 163
1731374209206 0.74858 164
1731374356462 0.74943 165
1731374504267 0.74964 166
1731374651608 0.75057 167
1731374799133 0.7504 168
1731374946446 0.75081 169
1731375093514 0.74086 170
1731375240739 0.74011 171
1731375388359 0.73943 172
1731375536212 0.74258 173
1731375683993 0.74199 174
1731375833006 0.74274 175
1731375981033 0.75981 176
1731376128522 0.77031 177
1731376275787 0.77012 178
1731376423777 0.77046 179
1731376572504 0.7703 180
1731376720107 0.77078 181
1731376867400 0.77067 182
1731377014869 0.77076 183
1731377162020 0.77075 184
1731377309569 0.77093 185
1731377457843 0.77057 186
1731377605010 0.77041 187
1731377752510 0.771 188
1731377899655 0.80316 189
1731378106102 0.80237 190
1731378251771 0.8029 191
1731378396900 0.80313 192
1731378542201 0.78433 193
1731378687647 0.79078 194
1731378833189 0.79563 195
1731378978746 0.79508 196
1731379124388 0.79438 197
1731379270005 0.79368 198
1731379415294 0.79214 199
1731379426516 0.805487601521612 199
