1731350023711 0.75629 0
1731350174084 0.71256 1
1731350322344 0.71299 2
1731350469884 0.70664 3
1731350617558 0.66627 4
1731350764915 0.67809 5
1731350912221 0.67933 6
1731351059554 0.63152 7
1731351207044 0.63794 8
1731351354467 0.70019 9
1731351502064 0.69575 10
1731351649614 0.67077 11
1731351797352 0.67666 12
1731351945631 0.68279 13
1731352093473 0.69949 14
1731352242048 0.66807 15
1731352389104 0.70546 16
1731352536070 0.7045 17
1731352682980 0.70996 18
1731352830100 0.71243 19
1731352977336 0.7044 20
1731353124963 0.71788 21
1731353272873 0.72761 22
1731353420188 0.73385 23
1731353567433 0.71756 24
1731353714947 0.69621 25
1731353862331 0.70102 26
1731354009828 0.70595 27
1731354157164 0.70639 28
1731354304898 0.68965 29
1731354452065 0.74259 30
1731354599578 0.7173 31
1731354746705 0.71639 32
1731354894357 0.7209 33
1731355041712 0.73059 34
1731355189044 0.74394 35
1731355336996 0.71366 36
1731355484572 0.71572 37
1731355632260 0.71192 38
1731355779991 0.73246 39
1731355927346 0.73473 40
1731356074303 0.73586 41
1731356221643 0.73226 42
1731356369401 0.71205 43
1731356516637 0.71155 44
1731356664112 0.73656 45
1731356811357 0.7447 46
1731356958414 0.75063 47
1731357105103 0.7554 48
1731357252316 0.7348 49
1731357400289 0.75268 50
1731357547696 0.73369 51
1731357695397 0.74875 52
1731357842551 0.74619 53
1731357989730 0.76449 54
1731358137077 0.74175 55
1731358284456 0.76381 56
1731358432138 0.77016 57
1731358579641 0.74992 58
1731358726813 0.74722 59
1731358874346 0.76098 60
1731359022036 0.75217 61
1731359169382 0.73372 62
1731359317047 0.73028 63
1731359464297 0.73445 64
1731359611148 0.73493 65
1731359758598 0.71957 66
1731359905771 0.73435 67
1731360052979 0.73613 68
1731360200431 0.7601 69
1731360347660 0.73069 70
1731360494971 0.72858 71
1731360642411 0.73391 72
1731360789825 0.72913 73
1731360937304 0.71859 74
1731361084633 0.79088 75
1731361231891 0.80573 76
1731361379167 0.79903 77
1731361526593 0.7657 78
1731361674162 0.76392 79
1731361821482 0.79401 80
1731361969123 0.76183 81
1731362116015 0.75777 82
1731362263105 0.73794 83
1731362410223 0.73506 84
1731362557411 0.73458 85
1731362704990 0.72936 86
1731362852170 0.73139 87
1731362999876 0.73241 88
1731363147419 0.73418 89
1731363295011 0.76164 90
1731363442150 0.76511 91
1731363589429 0.76481 92
1731363736554 0.76351 93
1731363884249 0.74525 94
1731364031602 0.74481 95
1731364179258 0.745 96
1731364326659 0.76194 97
1731364474003 0.76054 98
1731364620972 0.75843 99
1731364769115 0.74312 100
1731364916733 0.74213 101
1731365064500 0.74152 102
1731365211994 0.74306 103
1731365359487 0.74301 104
1731365506782 0.74306 105
1731365654491 0.74631 106
1731365801652 0.74539 107
1731365948960 0.74386 108
1731366096157 0.742 109
1731366243403 0.74424 110
1731366391294 0.74344 111
1731366539334 0.74039 112
1731366686655 0.74263 113
1731366833936 0.74054 114
1731366981434 0.74046 115
1731367128793 0.73863 116
1731367275849 0.73867 117
1731367423045 0.73853 118
1731367570175 0.73931 119
1731367717822 0.74008 120
1731367864892 0.7408 121
1731368011970 0.73997 122
1731368159153 0.73955 123
1731368306988 0.74045 124
1731368454339 0.74083 125
1731368601735 0.741 126
1731368749640 0.74167 127
1731368897486 0.74186 128
1731369044646 0.74135 129
1731369192053 0.74141 130
1731369339056 0.74172 131
1731369486399 0.74088 132
1731369633592 0.7408 133
1731369781186 0.74153 134
1731369928624 0.74111 135
1731370076075 0.7418 136
1731370223450 0.74175 137
1731370371160 0.74194 138
1731370519528 0.7507 139
1731370667653 0.75164 140
1731370815027 0.75186 141
1731370962395 0.75183 142
1731371109834 0.75089 143
1731371257002 0.78422 144
1731371404442 0.78576 145
1731371551875 0.7854 146
1731371700516 0.78543 147
1731371848313 0.78505 148
1731371996201 0.78419 149
1731372143673 0.78329 150
1731372292208 0.78401 151
1731372439831 0.78738 152
1731372586999 0.78546 153
1731372734153 0.7831 154
1731372881586 0.78326 155
1731373028968 0.78453 156
1731373176393 0.78641 157
1731373323847 0.78717 158
1731373471035 0.78702 159
1731373618107 0.78713 160
1731373766304 0.78396 161
1731373914108 0.78613 162
1731374061667 0.78667 163
1731374209206 0.78733 164
1731374356462 0.78621 165
1731374504267 0.78533 166
1731374651608 0.78426 167
1731374799133 0.78461 168
1731374946446 0.78374 169
1731375093514 0.79224 170
1731375240739 0.79262 171
1731375388359 0.79254 172
1731375536212 0.77508 173
1731375683993 0.77908 174
1731375833006 0.77644 175
1731375981033 0.7745 176
1731376128522 0.76796 177
1731376275787 0.76825 178
1731376423777 0.76787 179
1731376572504 0.76801 180
1731376720107 0.76686 181
1731376867400 0.76717 182
1731377014869 0.76698 183
1731377162020 0.76716 184
1731377309569 0.76678 185
1731377457843 0.76976 186
1731377605010 0.77013 187
1731377752510 0.76999 188
1731377899655 0.7395 189
1731378106102 0.74015 190
1731378251771 0.7401 191
1731378396900 0.74034 192
1731378542201 0.75671 193
1731378687647 0.7511 194
1731378833189 0.74808 195
1731378978746 0.74847 196
1731379124388 0.749 197
1731379270005 0.74979 198
1731379415294 0.75129 199
1731379426516 0.742091193854715 199
