1731350015243 0.96334 0
1731350166334 1.00678 1
1731350314636 1.07616 2
1731350462101 1.14828 3
1731350609660 1.1714 4
1731350757081 1.17485 5
1731350904451 1.1687 6
1731351051849 1.1651 7
1731351199115 1.16846 8
1731351346708 1.16529 9
1731351494302 1.16134 10
1731351641947 1.16144 11
1731351789303 1.15881 12
1731351937894 1.15704 13
1731352085729 1.15249 14
1731352234147 1.15343 15
1731352381376 1.15091 16
1731352528452 1.14455 17
1731352675308 1.14449 18
1731352822390 1.14244 19
1731352969600 1.14018 20
1731353117237 1.14003 21
1731353265034 1.13672 22
1731353412431 1.14129 23
1731353559743 1.13647 24
1731353707240 1.12883 25
1731353854523 1.12348 26
1731354002059 1.12537 27
1731354149439 1.13387 28
1731354297123 1.12234 29
1731354444291 1.11352 30
1731354591815 1.1198 31
1731354738930 1.11595 32
1731354886575 1.10599 33
1731355034006 1.11233 34
1731355181246 1.11471 35
1731355328811 1.10854 36
1731355476830 1.11263 37
1731355624326 1.10351 38
1731355772102 1.10308 39
1731355919589 1.10115 40
1731356066549 1.09309 41
1731356213799 1.10123 42
1731356361529 1.10461 43
1731356508849 1.09366 44
1731356656251 1.0925 45
1731356803574 1.09898 46
1731356950683 1.09314 47
1731357097498 1.08889 48
1731357244497 1.08295 49
1731357392513 1.08513 50
1731357539961 1.08574 51
1731357687513 1.08753 52
1731357834877 1.08493 53
1731357981953 1.08404 54
1731358129215 1.08462 55
1731358276680 1.07982 56
1731358424257 1.07773 57
1731358571840 1.07354 58
1731358719100 1.07642 59
1731358866651 1.07321 60
1731359014231 1.06982 61
1731359161590 1.07017 62
1731359309304 1.06928 63
1731359456589 1.06415 64
1731359603350 1.06463 65
1731359750768 1.0611 66
1731359897998 1.06718 67
1731360045318 1.05505 68
1731360192791 1.05881 69
1731360339990 1.05558 70
1731360487267 1.05761 71
1731360634731 1.05979 72
1731360782153 1.0541 73
1731360929440 1.05634 74
1731361076854 1.05144 75
1731361224172 1.04497 76
1731361371401 1.05051 77
1731361518816 1.04713 78
1731361666440 1.04921 79
1731361813877 1.05035 80
1731361961506 1.0465 81
1731362108391 1.04245 82
1731362255426 1.04443 83
1731362402461 1.04046 84
1731362549766 1.03341 85
1731362697221 1.03997 86
1731362844467 1.0444 87
1731362992041 1.03991 88
1731363139683 1.03462 89
1731363287115 1.02708 90
1731363434537 1.03738 91
1731363581754 1.03411 92
1731363728883 1.02965 93
1731363876280 1.02434 94
1731364023964 1.02545 95
1731364171578 1.01972 96
1731364318885 1.02448 97
1731364466393 1.02454 98
1731364613304 1.02274 99
1731364761188 1.02465 100
1731364908997 1.01749 101
1731365056769 1.01429 102
1731365204242 1.01474 103
1731365351749 1.01311 104
1731365499031 1.00803 105
1731365646692 1.0137 106
1731365793797 1.01005 107
1731365941279 1.0103 108
1731366088471 1.00849 109
1731366235636 1.00577 110
1731366383428 0.99859 111
1731366531557 1.0004 112
1731366678923 0.99892 113
1731366826005 0.99983 114
1731366973768 0.99909 115
1731367121155 0.99229 116
1731367268121 0.99137 117
1731367415269 0.99229 118
1731367562502 0.99152 119
1731367710057 0.99731 120
1731367857084 0.98834 121
1731368004252 0.98816 122
1731368151327 0.98303 123
1731368299260 0.98673 124
1731368446535 0.98451 125
1731368594081 0.97782 126
1731368741769 0.98403 127
1731368889710 0.98135 128
1731369036834 0.97735 129
1731369184296 0.97505 130
1731369331291 0.97104 131
1731369478804 0.97463 132
1731369625747 0.97214 133
1731369773363 0.96982 134
1731369920748 0.96748 135
1731370068369 0.96233 136
1731370215683 0.96722 137
1731370363312 0.96119 138
1731370511503 0.96077 139
1731370659824 0.95968 140
1731370807187 0.95754 141
1731370954546 0.95956 142
1731371102023 0.9525 143
1731371249181 0.95099 144
1731371396407 0.95183 145
1731371543793 0.94679 146
1731371692032 0.94463 147
1731371840451 0.94972 148
1731371988390 0.94607 149
1731372135791 0.9418 150
1731372283942 0.94019 151
1731372431894 0.93681 152
1731372579381 0.93675 153
1731372726343 0.93586 154
1731372873850 0.93198 155
1731373021144 0.93525 156
1731373168711 0.93366 157
1731373316188 0.93215 158
1731373463239 0.92466 159
1731373610395 0.92876 160
1731373758535 0.92317 161
1731373906435 0.91772 162
1731374053981 0.92168 163
1731374201428 0.91907 164
1731374348778 0.91518 165
1731374496424 0.9195 166
1731374643874 0.90992 167
1731374791387 0.91385 168
1731374938746 0.91655 169
1731375085804 0.90607 170
1731375233036 0.90896 171
1731375380622 0.90061 172
1731375528412 0.90343 173
1731375676182 0.89942 174
1731375825323 0.90617 175
1731375973344 0.89421 176
1731376120675 0.89705 177
1731376268081 0.89486 178
1731376416019 0.89234 179
1731376564666 0.88418 180
1731376712408 0.88565 181
1731376859678 0.88401 182
1731377007195 0.88318 183
1731377154255 0.88436 184
1731377301912 0.8804 185
1731377450227 0.87595 186
1731377597350 0.88041 187
1731377744778 0.87343 188
1731377892022 0.87528 189
1731378098320 0.85175 190
1731378244047 0.8346 191
1731378389153 0.83477 192
1731378534520 0.83058 193
1731378680017 0.82673 194
1731378825566 0.82124 195
1731378971054 0.81484 196
1731379116621 0.81464 197
1731379262292 0.80914 198
1731379407624 0.81112 199
