1731350015243 0.72645 0
1731350166334 0.77393 1
1731350314636 0.8738 2
1731350462101 0.98738 3
1731350609660 1.01351 4
1731350757081 1.01729 5
1731350904451 1.0142 6
1731351051849 1.01307 7
1731351199115 1.01152 8
1731351346708 1.0098 9
1731351494302 0.99477 10
1731351641947 0.99974 11
1731351789303 1.00444 12
1731351937894 0.99959 13
1731352085729 0.99222 14
1731352234147 0.9862 15
1731352381376 0.98222 16
1731352528452 0.98292 17
1731352675308 0.96977 18
1731352822390 0.96665 19
1731352969600 0.96702 20
1731353117237 0.9617 21
1731353265034 0.95549 22
1731353412431 0.95489 23
1731353559743 0.94762 24
1731353707240 0.94543 25
1731353854523 0.93743 26
1731354002059 0.94011 27
1731354149439 0.94296 28
1731354297123 0.93385 29
1731354444291 0.92769 30
1731354591815 0.92758 31
1731354738930 0.92386 32
1731354886575 0.91716 33
1731355034006 0.91844 34
1731355181246 0.91713 35
1731355328811 0.91029 36
1731355476830 0.91738 37
1731355624326 0.90593 38
1731355772102 0.90559 39
1731355919589 0.90168 40
1731356066549 0.89432 41
1731356213799 0.90042 42
1731356361529 0.90725 43
1731356508849 0.89261 44
1731356656251 0.89338 45
1731356803574 0.89269 46
1731356950683 0.88759 47
1731357097498 0.88112 48
1731357244497 0.88054 49
1731357392513 0.87712 50
1731357539961 0.8742 51
1731357687513 0.88094 52
1731357834877 0.87576 53
1731357981953 0.87144 54
1731358129215 0.87034 55
1731358276680 0.87082 56
1731358424257 0.86467 57
1731358571840 0.86524 58
1731358719100 0.86256 59
1731358866651 0.85744 60
1731359014231 0.85488 61
1731359161590 0.85253 62
1731359309304 0.85106 63
1731359456589 0.84405 64
1731359603350 0.84839 65
1731359750768 0.84328 66
1731359897998 0.8436 67
1731360045318 0.83271 68
1731360192791 0.83901 69
1731360339990 0.83781 70
1731360487267 0.84271 71
1731360634731 0.84071 72
1731360782153 0.83349 73
1731360929440 0.83512 74
1731361076854 0.82666 75
1731361224172 0.82718 76
1731361371401 0.82672 77
1731361518816 0.82467 78
1731361666440 0.81943 79
1731361813877 0.82034 80
1731361961506 0.82179 81
1731362108391 0.8184 82
1731362255426 0.81659 83
1731362402461 0.8099 84
1731362549766 0.81164 85
1731362697221 0.80888 86
1731362844467 0.80731 87
1731362992041 0.81055 88
1731363139683 0.80184 89
1731363287115 0.79696 90
1731363434537 0.8033 91
1731363581754 0.7997 92
1731363728883 0.79529 93
1731363876280 0.79396 94
1731364023964 0.79079 95
1731364171578 0.78839 96
1731364318885 0.79157 97
1731364466393 0.79031 98
1731364613304 0.78737 99
1731364761188 0.78552 100
1731364908997 0.7821 101
1731365056769 0.78158 102
1731365204242 0.78254 103
1731365351749 0.77697 104
1731365499031 0.77757 105
1731365646692 0.7815 106
1731365793797 0.77178 107
1731365941279 0.76855 108
1731366088471 0.76825 109
1731366235636 0.7684 110
1731366383428 0.75892 111
1731366531557 0.7598 112
1731366678923 0.75971 113
1731366826005 0.76506 114
1731366973768 0.76189 115
1731367121155 0.75225 116
1731367268121 0.75245 117
1731367415269 0.74869 118
1731367562502 0.7518 119
1731367710057 0.75032 120
1731367857084 0.74117 121
1731368004252 0.74312 122
1731368151327 0.74485 123
1731368299260 0.74619 124
1731368446535 0.7374 125
1731368594081 0.73329 126
1731368741769 0.73263 127
1731368889710 0.73264 128
1731369036834 0.72861 129
1731369184296 0.7329 130
1731369331291 0.72659 131
1731369478804 0.73 132
1731369625747 0.72328 133
1731369773363 0.72112 134
1731369920748 0.71941 135
1731370068369 0.71392 136
1731370215683 0.71719 137
1731370363312 0.71385 138
1731370511503 0.71006 139
1731370659824 0.71208 140
1731370807187 0.70767 141
1731370954546 0.70999 142
1731371102023 0.70396 143
1731371249181 0.70545 144
1731371396407 0.70171 145
1731371543793 0.69293 146
1731371692032 0.68931 147
1731371840451 0.69599 148
1731371988390 0.69078 149
1731372135791 0.68905 150
1731372283942 0.69094 151
1731372431894 0.68693 152
1731372579381 0.67808 153
1731372726343 0.68241 154
1731372873850 0.67757 155
1731373021144 0.68257 156
1731373168711 0.67802 157
1731373316188 0.67562 158
1731373463239 0.67611 159
1731373610395 0.67136 160
1731373758535 0.66838 161
1731373906435 0.66384 162
1731374053981 0.6691 163
1731374201428 0.66296 164
1731374348778 0.66437 165
1731374496424 0.66364 166
1731374643874 0.65623 167
1731374791387 0.65752 168
1731374938746 0.65566 169
1731375085804 0.65291 170
1731375233036 0.65007 171
1731375380622 0.64423 172
1731375528412 0.64293 173
1731375676182 0.64751 174
1731375825323 0.64494 175
1731375973344 0.63658 176
1731376120675 0.63637 177
1731376268081 0.63509 178
1731376416019 0.63127 179
1731376564666 0.63177 180
1731376712408 0.62634 181
1731376859678 0.62486 182
1731377007195 0.62441 183
1731377154255 0.62542 184
1731377301912 0.62293 185
1731377450227 0.62293 186
1731377597350 0.61897 187
1731377744778 0.61302 188
1731377892022 0.61833 189
1731378098320 0.53333 190
1731378244047 0.51922 191
1731378389153 0.51911 192
1731378534520 0.5169 193
1731378680017 0.51185 194
1731378825566 0.5093 195
1731378971054 0.50153 196
1731379116621 0.50276 197
1731379262292 0.49873 198
1731379407624 0.49926 199
