1731350015243 1.04352 0
1731350166334 1.06481 1
1731350314636 1.09639 2
1731350462101 1.13845 3
1731350609660 1.14726 4
1731350757081 1.15185 5
1731350904451 1.15002 6
1731351051849 1.14817 7
1731351199115 1.14996 8
1731351346708 1.14811 9
1731351494302 1.14865 10
1731351641947 1.14496 11
1731351789303 1.14738 12
1731351937894 1.14837 13
1731352085729 1.14319 14
1731352234147 1.14084 15
1731352381376 1.14075 16
1731352528452 1.13805 17
1731352675308 1.13474 18
1731352822390 1.1334 19
1731352969600 1.13506 20
1731353117237 1.13107 21
1731353265034 1.13326 22
1731353412431 1.13159 23
1731353559743 1.13321 24
1731353707240 1.12686 25
1731353854523 1.1279 26
1731354002059 1.12969 27
1731354149439 1.13042 28
1731354297123 1.1232 29
1731354444291 1.12086 30
1731354591815 1.12327 31
1731354738930 1.1204 32
1731354886575 1.11433 33
1731355034006 1.12031 34
1731355181246 1.12053 35
1731355328811 1.11535 36
1731355476830 1.1193 37
1731355624326 1.11231 38
1731355772102 1.11335 39
1731355919589 1.11383 40
1731356066549 1.11013 41
1731356213799 1.11261 42
1731356361529 1.11574 43
1731356508849 1.11045 44
1731356656251 1.10742 45
1731356803574 1.10914 46
1731356950683 1.10887 47
1731357097498 1.10594 48
1731357244497 1.10245 49
1731357392513 1.10172 50
1731357539961 1.10494 51
1731357687513 1.10466 52
1731357834877 1.10097 53
1731357981953 1.10171 54
1731358129215 1.10046 55
1731358276680 1.09863 56
1731358424257 1.09984 57
1731358571840 1.09942 58
1731358719100 1.10051 59
1731358866651 1.09822 60
1731359014231 1.09738 61
1731359161590 1.09247 62
1731359309304 1.09649 63
1731359456589 1.09025 64
1731359603350 1.09322 65
1731359750768 1.08775 66
1731359897998 1.09176 67
1731360045318 1.0867 68
1731360192791 1.08913 69
1731360339990 1.08994 70
1731360487267 1.09128 71
1731360634731 1.0896 72
1731360782153 1.08729 73
1731360929440 1.08597 74
1731361076854 1.08283 75
1731361224172 1.0818 76
1731361371401 1.08476 77
1731361518816 1.08599 78
1731361666440 1.08116 79
1731361813877 1.08225 80
1731361961506 1.08331 81
1731362108391 1.08462 82
1731362255426 1.07873 83
1731362402461 1.07853 84
1731362549766 1.07505 85
1731362697221 1.07655 86
1731362844467 1.07995 87
1731362992041 1.07924 88
1731363139683 1.07766 89
1731363287115 1.07119 90
1731363434537 1.07322 91
1731363581754 1.07512 92
1731363728883 1.07285 93
1731363876280 1.07155 94
1731364023964 1.07022 95
1731364171578 1.06853 96
1731364318885 1.07017 97
1731364466393 1.07042 98
1731364613304 1.07185 99
1731364761188 1.06784 100
1731364908997 1.06701 101
1731365056769 1.06681 102
1731365204242 1.06757 103
1731365351749 1.06462 104
1731365499031 1.06355 105
1731365646692 1.06555 106
1731365793797 1.06357 107
1731365941279 1.06576 108
1731366088471 1.06043 109
1731366235636 1.06124 110
1731366383428 1.0559 111
1731366531557 1.05767 112
1731366678923 1.05554 113
1731366826005 1.05838 114
1731366973768 1.05816 115
1731367121155 1.05429 116
1731367268121 1.05305 117
1731367415269 1.05188 118
1731367562502 1.05241 119
1731367710057 1.05358 120
1731367857084 1.05132 121
1731368004252 1.05395 122
1731368151327 1.04961 123
1731368299260 1.05252 124
1731368446535 1.04872 125
1731368594081 1.04517 126
1731368741769 1.04954 127
1731368889710 1.04366 128
1731369036834 1.04801 129
1731369184296 1.04637 130
1731369331291 1.04282 131
1731369478804 1.04458 132
1731369625747 1.04278 133
1731369773363 1.04044 134
1731369920748 1.03769 135
1731370068369 1.03802 136
1731370215683 1.0397 137
1731370363312 1.03728 138
1731370511503 1.03605 139
1731370659824 1.03682 140
1731370807187 1.03462 141
1731370954546 1.03799 142
1731371102023 1.03337 143
1731371249181 1.03431 144
1731371396407 1.0348 145
1731371543793 1.0322 146
1731371692032 1.02762 147
1731371840451 1.03186 148
1731371988390 1.02978 149
1731372135791 1.02922 150
1731372283942 1.02782 151
1731372431894 1.02616 152
1731372579381 1.02716 153
1731372726343 1.02643 154
1731372873850 1.02385 155
1731373021144 1.02661 156
1731373168711 1.02263 157
1731373316188 1.02314 158
1731373463239 1.02192 159
1731373610395 1.02161 160
1731373758535 1.01825 161
1731373906435 1.01666 162
1731374053981 1.01889 163
1731374201428 1.01839 164
1731374348778 1.01727 165
1731374496424 1.01646 166
1731374643874 1.01295 167
1731374791387 1.01495 168
1731374938746 1.01418 169
1731375085804 1.01289 170
1731375233036 1.01085 171
1731375380622 1.00686 172
1731375528412 1.00926 173
1731375676182 1.01105 174
1731375825323 1.0106 175
1731375973344 1.00653 176
1731376120675 1.00689 177
1731376268081 1.0079 178
1731376416019 1.00518 179
1731376564666 1.00302 180
1731376712408 1.00172 181
1731376859678 1.00214 182
1731377007195 1.00254 183
1731377154255 1.00172 184
1731377301912 1.00123 185
1731377450227 1.00152 186
1731377597350 1.00051 187
1731377744778 0.99501 188
1731377892022 1.00106 189
1731378098320 0.9755 190
1731378244047 0.96776 191
1731378389153 0.96833 192
1731378534520 0.96571 193
1731378680017 0.96492 194
1731378825566 0.96099 195
1731378971054 0.95725 196
1731379116621 0.96078 197
1731379262292 0.95705 198
1731379407624 0.95658 199
