1731307901616 0.59143 0
1731308054311 0.45672 1
1731308205204 0.30056 2
1731308355472 0.31495 3
1731308505887 0.40378 4
1731308656218 0.44238 5
1731308806467 0.44136 6
1731308959929 0.47409 7
1731309112516 0.5159 8
1731309264683 0.52284 9
1731309416168 0.51627 10
1731309568039 0.52747 11
1731309720196 0.53747 12
1731309872599 0.55959 13
1731310024960 0.55652 14
1731310176148 0.56308 15
1731310326274 0.57024 16
1731310476715 0.58385 17
1731310627663 0.58664 18
1731310780181 0.59638 19
1731310933111 0.5925 20
1731311085997 0.59343 21
1731311239251 0.59895 22
1731311392433 0.61315 23
1731311542855 0.61387 24
1731311693295 0.62284 25
1731311843445 0.60895 26
1731311993851 0.61688 27
1731312144046 0.62678 28
1731312294460 0.62045 29
1731312444701 0.62806 30
1731312595223 0.63819 31
1731312745489 0.62587 32
1731312895664 0.63408 33
1731313046127 0.62985 34
1731313196922 0.62886 35
1731313347301 0.63348 36
1731313497977 0.64765 37
1731313648332 0.63583 38
1731313798950 0.6384 39
1731313949043 0.65055 40
1731314099362 0.64667 41
1731314249909 0.64384 42
1731314400090 0.64747 43
1731314550285 0.64689 44
1731314700874 0.64927 45
1731314851061 0.65301 46
1731315001382 0.64864 47
1731315151449 0.65675 48
1731315301512 0.65594 49
1731315451811 0.65596 50
1731315601990 0.65042 51
1731315752278 0.65343 52
1731315902341 0.65224 53
1731316053030 0.6586 54
1731316203135 0.66061 55
1731316353220 0.66024 56
1731316503115 0.65646 57
1731316653065 0.65529 58
1731316802856 0.65692 59
1731316952934 0.6597 60
1731317103160 0.65599 61
1731317253457 0.65958 62
1731317403398 0.66412 63
1731317553438 0.66486 64
1731317703329 0.66365 65
1731317856157 0.66072 66
1731318012857 0.65891 67
1731318166594 0.66186 68
1731318319436 0.66556 69
1731318472830 0.66558 70
1731318624947 0.66381 71
1731318777870 0.66647 72
1731318930674 0.66702 73
1731319084835 0.669 74
1731319237500 0.66961 75
1731319390444 0.66894 76
1731319542844 0.66614 77
1731319696173 0.66572 78
1731319852375 0.66458 79
1731320006483 0.66578 80
1731320160149 0.66935 81
1731320313063 0.66857 82
1731320467225 0.6655 83
1731320621052 0.66465 84
1731320771696 0.66279 85
1731320922575 0.66253 86
1731321074354 0.66482 87
1731321228301 0.6631 88
1731321381157 0.66279 89
1731321579515 0.66452 90
1731321727792 0.66395 91
1731321875576 0.66455 92
1731322025131 0.66471 93
1731322174515 0.66629 94
1731322324035 0.66605 95
1731322474082 0.66626 96
1731322624047 0.66376 97
1731322779128 0.66378 98
1731322930065 0.66193 99
1731322943857 0.6690101295826681 99
