1731307901616 0.73898 0
1731308054311 0.57881 1
1731308205204 0.40623 2
1731308355472 0.44778 3
1731308505887 0.52998 4
1731308656218 0.58733 5
1731308806467 0.57109 6
1731308959929 0.60005 7
1731309112516 0.65205 8
1731309264683 0.66657 9
1731309416168 0.64689 10
1731309568039 0.66481 11
1731309720196 0.66617 12
1731309872599 0.69724 13
1731310024960 0.69988 14
1731310176148 0.7022 15
1731310326274 0.70707 16
1731310476715 0.71731 17
1731310627663 0.72724 18
1731310780181 0.74057 19
1731310933111 0.73553 20
1731311085997 0.72896 21
1731311239251 0.74794 22
1731311392433 0.75133 23
1731311542855 0.75108 24
1731311693295 0.75363 25
1731311843445 0.74068 26
1731311993851 0.74871 27
1731312144046 0.75895 28
1731312294460 0.75128 29
1731312444701 0.76492 30
1731312595223 0.76667 31
1731312745489 0.75855 32
1731312895664 0.76967 33
1731313046127 0.76701 34
1731313196922 0.75978 35
1731313347301 0.76419 36
1731313497977 0.77871 37
1731313648332 0.77069 38
1731313798950 0.77555 39
1731313949043 0.78502 40
1731314099362 0.78156 41
1731314249909 0.78397 42
1731314400090 0.78811 43
1731314550285 0.78043 44
1731314700874 0.78711 45
1731314851061 0.79126 46
1731315001382 0.78654 47
1731315151449 0.79209 48
1731315301512 0.79301 49
1731315451811 0.792 50
1731315601990 0.7839 51
1731315752278 0.78761 52
1731315902341 0.78637 53
1731316053030 0.79116 54
1731316203135 0.79461 55
1731316353220 0.79737 56
1731316503115 0.79284 57
1731316653065 0.79243 58
1731316802856 0.79001 59
1731316952934 0.79099 60
1731317103160 0.78849 61
1731317253457 0.79248 62
1731317403398 0.79465 63
1731317553438 0.79582 64
1731317703329 0.79315 65
1731317856157 0.79284 66
1731318012857 0.79428 67
1731318166594 0.79691 68
1731318319436 0.80179 69
1731318472830 0.8005 70
1731318624947 0.79797 71
1731318777870 0.79803 72
1731318930674 0.79813 73
1731319084835 0.79821 74
1731319237500 0.79846 75
1731319390444 0.7986 76
1731319542844 0.79994 77
1731319696173 0.79777 78
1731319852375 0.79788 79
1731320006483 0.79825 80
1731320160149 0.80062 81
1731320313063 0.80129 82
1731320467225 0.79777 83
1731320621052 0.79674 84
1731320771696 0.7958 85
1731320922575 0.79634 86
1731321074354 0.79701 87
1731321228301 0.79657 88
1731321381157 0.79541 89
1731321579515 0.79592 90
1731321727792 0.79615 91
1731321875576 0.79528 92
1731322025131 0.79516 93
1731322174515 0.79596 94
1731322324035 0.79644 95
1731322474082 0.79663 96
1731322624047 0.79652 97
1731322779128 0.79688 98
1731322930065 0.79677 99
1731322943857 0.7991086301871637 99
