1731307901616 0.73187 0
1731308054311 0.57214 1
1731308205204 0.53397 2
1731308355472 0.56486 3
1731308505887 0.48465 4
1731308656218 0.63584 5
1731308806467 0.60989 6
1731308959929 0.5838 7
1731309112516 0.69734 8
1731309264683 0.61953 9
1731309416168 0.71318 10
1731309568039 0.69392 11
1731309720196 0.74607 12
1731309872599 0.75707 13
1731310024960 0.75265 14
1731310176148 0.69695 15
1731310326274 0.70977 16
1731310476715 0.66665 17
1731310627663 0.69286 18
1731310780181 0.72105 19
1731310933111 0.73613 20
1731311085997 0.74762 21
1731311239251 0.77513 22
1731311392433 0.78504 23
1731311542855 0.7728 24
1731311693295 0.77207 25
1731311843445 0.76349 26
1731311993851 0.69686 27
1731312144046 0.79558 28
1731312294460 0.74276 29
1731312444701 0.75011 30
1731312595223 0.74072 31
1731312745489 0.78238 32
1731312895664 0.79025 33
1731313046127 0.79794 34
1731313196922 0.75823 35
1731313347301 0.7405 36
1731313497977 0.7745 37
1731313648332 0.77659 38
1731313798950 0.76763 39
1731313949043 0.7563 40
1731314099362 0.77752 41
1731314249909 0.80155 42
1731314400090 0.82809 43
1731314550285 0.80798 44
1731314700874 0.80412 45
1731314851061 0.82541 46
1731315001382 0.81323 47
1731315151449 0.77998 48
1731315301512 0.78371 49
1731315451811 0.79969 50
1731315601990 0.80477 51
1731315752278 0.77573 52
1731315902341 0.77419 53
1731316053030 0.80235 54
1731316203135 0.7931 55
1731316353220 0.78349 56
1731316503115 0.7953 57
1731316653065 0.79909 58
1731316802856 0.79736 59
1731316952934 0.7652 60
1731317103160 0.79811 61
1731317253457 0.80234 62
1731317403398 0.80978 63
1731317553438 0.78629 64
1731317703329 0.81316 65
1731317856157 0.805 66
1731318012857 0.81195 67
1731318166594 0.81564 68
1731318319436 0.811 69
1731318472830 0.80491 70
1731318624947 0.81266 71
1731318777870 0.80367 72
1731318930674 0.80662 73
1731319084835 0.79843 74
1731319237500 0.79666 75
1731319390444 0.77288 76
1731319542844 0.7721 77
1731319696173 0.77561 78
1731319852375 0.77858 79
1731320006483 0.78436 80
1731320160149 0.81362 81
1731320313063 0.81357 82
1731320467225 0.78914 83
1731320621052 0.79034 84
1731320771696 0.78974 85
1731320922575 0.77715 86
1731321074354 0.77413 87
1731321228301 0.77254 88
1731321381157 0.76915 89
1731321579515 0.76845 90
1731321727792 0.76851 91
1731321875576 0.7621 92
1731322025131 0.76204 93
1731322174515 0.7614 94
1731322324035 0.76032 95
1731322474082 0.76029 96
1731322624047 0.76122 97
1731322779128 0.76304 98
1731322930065 0.76358 99
1731322943857 0.7969501334253798 99
