1731307901616 0.63117 0
1731308054311 0.5559 1
1731308205204 0.357 2
1731308355472 0.40254 3
1731308505887 0.48933 4
1731308656218 0.48929 5
1731308806467 0.54327 6
1731308959929 0.56761 7
1731309112516 0.57124 8
1731309264683 0.57966 9
1731309416168 0.54005 10
1731309568039 0.55814 11
1731309720196 0.58063 12
1731309872599 0.57199 13
1731310024960 0.57424 14
1731310176148 0.64197 15
1731310326274 0.63901 16
1731310476715 0.6689 17
1731310627663 0.68223 18
1731310780181 0.66195 19
1731310933111 0.63049 20
1731311085997 0.64594 21
1731311239251 0.66854 22
1731311392433 0.69004 23
1731311542855 0.67118 24
1731311693295 0.66581 25
1731311843445 0.65696 26
1731311993851 0.70565 27
1731312144046 0.68589 28
1731312294460 0.70377 29
1731312444701 0.69029 30
1731312595223 0.70833 31
1731312745489 0.67705 32
1731312895664 0.69382 33
1731313046127 0.68286 34
1731313196922 0.71225 35
1731313347301 0.72886 36
1731313497977 0.71894 37
1731313648332 0.69562 38
1731313798950 0.72762 39
1731313949043 0.74572 40
1731314099362 0.73951 41
1731314249909 0.72564 42
1731314400090 0.71082 43
1731314550285 0.70988 44
1731314700874 0.72988 45
1731314851061 0.71971 46
1731315001382 0.7119 47
1731315151449 0.74366 48
1731315301512 0.73876 49
1731315451811 0.73116 50
1731315601990 0.71999 51
1731315752278 0.74573 52
1731315902341 0.73784 53
1731316053030 0.74089 54
1731316203135 0.74043 55
1731316353220 0.75056 56
1731316503115 0.74418 57
1731316653065 0.73514 58
1731316802856 0.74196 59
1731316952934 0.76338 60
1731317103160 0.73465 61
1731317253457 0.73456 62
1731317403398 0.72461 63
1731317553438 0.73722 64
1731317703329 0.73647 65
1731317856157 0.74122 66
1731318012857 0.73854 67
1731318166594 0.74171 68
1731318319436 0.74435 69
1731318472830 0.74948 70
1731318624947 0.73988 71
1731318777870 0.74068 72
1731318930674 0.73824 73
1731319084835 0.74006 74
1731319237500 0.74278 75
1731319390444 0.76669 76
1731319542844 0.7675 77
1731319696173 0.76703 78
1731319852375 0.76156 79
1731320006483 0.76117 80
1731320160149 0.74395 81
1731320313063 0.74445 82
1731320467225 0.75903 83
1731320621052 0.75793 84
1731320771696 0.75491 85
1731320922575 0.76487 86
1731321074354 0.76953 87
1731321228301 0.77026 88
1731321381157 0.77224 89
1731321579515 0.77329 90
1731321727792 0.77431 91
1731321875576 0.77428 92
1731322025131 0.77488 93
1731322174515 0.77607 94
1731322324035 0.77701 95
1731322474082 0.77728 96
1731322624047 0.77724 97
1731322779128 0.77768 98
1731322930065 0.77779 99
1731322943857 0.743439847294971 99
