1731338423208 0.7937 0
1731338582323 0.78528 1
1731338738803 0.74422 2
1731338895334 0.73706 3
1731339052835 0.75355 4
1731339210298 0.75604 5
1731339367947 0.73291 6
1731339524995 0.75391 7
1731339681463 0.74747 8
1731339838100 0.75734 9
1731339994430 0.75508 10
1731340151127 0.76271 11
1731340307993 0.74206 12
1731340464805 0.75034 13
1731340622354 0.74509 14
1731340780138 0.7427 15
1731340940131 0.76862 16
1731341098337 0.75589 17
1731341256053 0.76268 18
1731341415990 0.75525 19
1731341575796 0.7677 20
1731341736035 0.75929 21
1731341895496 0.77646 22
1731342054068 0.78636 23
1731342215785 0.77814 24
1731342375623 0.76916 25
1731342537203 0.77024 26
1731342696604 0.77763 27
1731342854125 0.77423 28
1731343009785 0.77309 29
1731343165137 0.77071 30
1731343321805 0.76871 31
1731343479137 0.78316 32
1731343635255 0.78748 33
1731343791326 0.7723 34
1731343948037 0.77711 35
1731344104690 0.789 36
1731344262390 0.76832 37
1731344418503 0.77657 38
1731344575075 0.77831 39
1731344731003 0.78353 40
1731344885712 0.78238 41
1731345039849 0.78661 42
1731345194153 0.78807 43
1731345348094 0.79225 44
1731345501764 0.78692 45
1731345657035 0.79341 46
1731345812128 0.80292 47
1731345967092 0.81006 48
1731346122378 0.8119 49
1731346276645 0.80341 50
1731346430962 0.79947 51
1731346585300 0.79724 52
1731346740093 0.79022 53
1731346894892 0.79822 54
1731347049594 0.80614 55
1731347204279 0.80915 56
1731347359141 0.82535 57
1731347513835 0.81619 58
1731347671107 0.81799 59
1731347824494 0.81336 60
1731347977715 0.8183 61
1731348130079 0.82022 62
