1731338423208 0.65552 0
1731338582323 0.64653 1
1731338738803 0.60527 2
1731338895334 0.58878 3
1731339052835 0.60303 4
1731339210298 0.60637 5
1731339367947 0.58328 6
1731339524995 0.60507 7
1731339681463 0.59737 8
1731339838100 0.62049 9
1731339994430 0.6069 10
1731340151127 0.61659 11
1731340307993 0.59083 12
1731340464805 0.60477 13
1731340622354 0.60933 14
1731340780138 0.59287 15
1731340940131 0.62749 16
1731341098337 0.61702 17
1731341256053 0.6249 18
1731341415990 0.61268 19
1731341575796 0.61663 20
1731341736035 0.61834 21
1731341895496 0.6297 22
1731342054068 0.6406 23
1731342215785 0.63047 24
1731342375623 0.62739 25
1731342537203 0.62579 26
1731342696604 0.63853 27
1731342854125 0.63638 28
1731343009785 0.64008 29
1731343165137 0.63481 30
1731343321805 0.63585 31
1731343479137 0.64888 32
1731343635255 0.64692 33
1731343791326 0.63788 34
1731343948037 0.64061 35
1731344104690 0.64955 36
1731344262390 0.63704 37
1731344418503 0.63996 38
1731344575075 0.645 39
1731344731003 0.6478 40
1731344885712 0.64995 41
1731345039849 0.65358 42
1731345194153 0.65169 43
1731345348094 0.65973 44
1731345501764 0.65559 45
1731345657035 0.65433 46
1731345812128 0.65595 47
1731345967092 0.65888 48
1731346122378 0.6634 49
1731346276645 0.66303 50
1731346430962 0.66056 51
1731346585300 0.66037 52
1731346740093 0.65755 53
1731346894892 0.65892 54
1731347049594 0.65334 55
1731347204279 0.66198 56
1731347359141 0.67572 57
1731347513835 0.67194 58
1731347671107 0.67398 59
1731347824494 0.67051 60
1731347977715 0.6725 61
1731348130079 0.6785 62
