1731338423208 0.79288 0
1731338582323 0.82557 1
1731338738803 0.78489 2
1731338895334 0.71195 3
1731339052835 0.72591 4
1731339210298 0.8186 5
1731339367947 0.78916 6
1731339524995 0.72115 7
1731339681463 0.76803 8
1731339838100 0.74052 9
1731339994430 0.78244 10
1731340151127 0.79395 11
1731340307993 0.7495 12
1731340464805 0.79275 13
1731340622354 0.71122 14
1731340780138 0.77036 15
1731340940131 0.76299 16
1731341098337 0.79067 17
1731341256053 0.8224 18
1731341415990 0.75498 19
1731341575796 0.79314 20
1731341736035 0.78886 21
1731341895496 0.78763 22
1731342054068 0.7064 23
1731342215785 0.7967 24
1731342375623 0.78441 25
1731342537203 0.81578 26
1731342696604 0.76471 27
1731342854125 0.77282 28
1731343009785 0.81148 29
1731343165137 0.82992 30
1731343321805 0.76977 31
1731343479137 0.79706 32
1731343635255 0.74027 33
1731343791326 0.72521 34
1731343948037 0.80881 35
1731344104690 0.80269 36
1731344262390 0.80716 37
1731344418503 0.76855 38
1731344575075 0.79024 39
1731344731003 0.7948 40
1731344885712 0.7705 41
1731345039849 0.77669 42
1731345194153 0.8218 43
1731345348094 0.78371 44
1731345501764 0.80951 45
1731345657035 0.80743 46
1731345812128 0.79594 47
1731345967092 0.8068 48
1731346122378 0.76974 49
1731346276645 0.79614 50
1731346430962 0.77737 51
1731346585300 0.78757 52
1731346740093 0.79979 53
1731346894892 0.79359 54
1731347049594 0.76562 55
1731347204279 0.78204 56
1731347359141 0.78003 57
1731347513835 0.80474 58
1731347671107 0.78437 59
1731347824494 0.79972 60
1731347977715 0.8086 61
1731348130079 0.80481 62
