1731338423208 0.75571 0
1731338582323 0.71417 1
1731338738803 0.64493 2
1731338895334 0.66674 3
1731339052835 0.70375 4
1731339210298 0.64974 5
1731339367947 0.64692 6
1731339524995 0.6988 7
1731339681463 0.6819 8
1731339838100 0.69686 9
1731339994430 0.66391 10
1731340151127 0.67902 11
1731340307993 0.70215 12
1731340464805 0.67207 13
1731340622354 0.70434 14
1731340780138 0.67809 15
1731340940131 0.71519 16
1731341098337 0.66262 17
1731341256053 0.67822 18
1731341415990 0.66628 19
1731341575796 0.70762 20
1731341736035 0.69187 21
1731341895496 0.69549 22
1731342054068 0.75193 23
1731342215785 0.69668 24
1731342375623 0.7082 25
1731342537203 0.6834 26
1731342696604 0.73153 27
1731342854125 0.71296 28
1731343009785 0.68001 29
1731343165137 0.70473 30
1731343321805 0.71448 31
1731343479137 0.71333 32
1731343635255 0.75201 33
1731343791326 0.73985 34
1731343948037 0.69633 35
1731344104690 0.73282 36
1731344262390 0.70079 37
1731344418503 0.74318 38
1731344575075 0.73844 39
1731344731003 0.7457 40
1731344885712 0.76044 41
1731345039849 0.74205 42
1731345194153 0.7149 43
1731345348094 0.73841 44
1731345501764 0.72993 45
1731345657035 0.71876 46
1731345812128 0.73541 47
1731345967092 0.72845 48
1731346122378 0.74752 49
1731346276645 0.73773 50
1731346430962 0.74755 51
1731346585300 0.73966 52
1731346740093 0.72597 53
1731346894892 0.75293 54
1731347049594 0.7404 55
1731347204279 0.73186 56
1731347359141 0.74513 57
1731347513835 0.72654 58
1731347671107 0.74615 59
1731347824494 0.72315 60
1731347977715 0.71899 61
1731348130079 0.73029 62
