1731335242484 0.003328658251519402 0
1731335400500 0.006596037868162693 1
1731335556368 0.009797417484805983 2
1731335712326 0.009703 3
1731335866300 0.009604 4
1731336021329 0.009505 5
1731336177120 0.009406 6
1731336332534 0.009307 7
1731336490371 0.009208000000000001 8
1731336650741 0.009109 9
1731336808579 0.00901 10
1731336970049 0.008911 11
1731337130985 0.008812 12
1731337291073 0.008713 13
1731337451738 0.008614 14
1731337612029 0.008515 15
1731337773727 0.008416 16
1731337934852 0.008317 17
