1731338413169 0.003328658251519402 0
1731338573497 0.006629014726507713 1
1731338729988 0.009896371201496026 2
1731338886456 0.0098515 3
1731339043358 0.009802 4
1731339201232 0.009752499999999999 5
1731339358718 0.009703 6
1731339516061 0.009653499999999999 7
1731339672584 0.009604 8
1731339829191 0.009554499999999999 9
1731339985501 0.009505 10
1731340142040 0.0094555 11
1731340299088 0.009406 12
1731340455822 0.009356500000000002 13
1731340613405 0.009307 14
1731340771141 0.0092575 15
1731340930692 0.009208000000000001 16
1731341089454 0.0091585 17
1731341247133 0.009109 18
1731341406975 0.0090595 19
1731341566504 0.00901 20
1731341726932 0.0089605 21
1731341886450 0.008911 22
1731342044917 0.0088615 23
1731342206497 0.008812 24
1731342366165 0.0087625 25
1731342528458 0.008713 26
1731342687947 0.0086635 27
1731342845415 0.008614 28
1731343001222 0.0085645 29
1731343156576 0.008515 30
1731343312622 0.0084655 31
1731343470276 0.008416 32
1731343626087 0.0083665 33
1731343782099 0.008317 34
1731343939187 0.0082675 35
1731344095684 0.008218000000000001 36
1731344253342 0.0081685 37
1731344409680 0.008119000000000001 38
1731344566150 0.0080695 39
1731344722245 0.008020000000000001 40
1731344877364 0.0079705 41
1731345031648 0.007921000000000001 42
1731345185823 0.0078715 43
1731345339876 0.007822 44
1731345493600 0.0077725 45
1731345648685 0.007723 46
1731345803840 0.0076735 47
1731345958534 0.007624 48
1731346114056 0.0075745 49
1731346268246 0.007525 50
1731346422730 0.0074755 51
1731346577045 0.007426 52
1731346731758 0.0073765 53
1731346886557 0.007327 54
1731347041264 0.0072775 55
1731347195906 0.007228 56
1731347350793 0.007178500000000001 57
1731347505638 0.007129 58
1731347662728 0.007079500000000001 59
1731347816246 0.00703 60
1731347969531 0.006980500000000001 61
1731348121507 0.006931 62
